-1.981080323457717896e-01
4.659494012594223022e-02
4.064720273017883301e-01
4.286108314990997314e-01
4.770292043685913086e-01
2.304437309503555298e-01
-5.387170240283012390e-02
6.717787384986877441e-01
2.620996534824371338e-01
2.367869578301906586e-02
-3.018183819949626923e-02
4.843403100967407227e-01
-4.271351397037506104e-01
-9.254236519336700439e-02
-1.192924305796623230e-01
1.472603976726531982e-01
-2.089630663394927979e-01
3.216680288314819336e-01
3.885095715522766113e-01
2.892287075519561768e-01
2.523057460784912109e-01
2.174591571092605591e-01
-5.479632411152124405e-03
-1.464917361736297607e-01
4.218872189521789551e-01
-2.520756721496582031e-01
2.899455726146697998e-01
1.780983656644821167e-01
-4.253069162368774414e-01
-1.539265066385269165e-01
3.432469666004180908e-01
-1.260347813367843628e-01
