2.994467616081237793e-01 -4.083285033702850342e-01 -3.342685103416442871e-01 1.707822531461715698e-01 -8.489421755075454712e-02 1.571583300828933716e-01 -3.296760320663452148e-01 -2.267724275588989258e-01 2.735582292079925537e-01 -2.528522014617919922e-01
9.241117537021636963e-02 -6.533843874931335449e-01 -2.328664660453796387e-01 -3.447034358978271484e-01 1.352331489324569702e-01 -6.053746491670608521e-02 2.006097733974456787e-01 -1.336911320686340332e-02 2.691036760807037354e-01 2.124570906162261963e-01
-9.134011715650558472e-02 2.017473131418228149e-01 -1.041486337780952454e-01 -1.503042727708816528e-01 3.618351519107818604e-01 -8.874642848968505859e-01 3.025450706481933594e-01 3.400166034698486328e-01 -3.613252937793731689e-01 9.603661298751831055e-02
-1.698927432298660278e-01 3.613549843430519104e-02 -1.889130473136901855e+00 1.134380027651786804e-01 3.336782157421112061e-01 4.082143306732177734e-01 5.543493106961250305e-02 -1.721311658620834351e-01 -2.014242857694625854e-01 5.961805582046508789e-01
3.307140171527862549e-01 2.492313832044601440e-02 -3.748980164527893066e-01 -1.570726484060287476e-01 -1.009931415319442749e-02 -4.474722966551780701e-02 -1.201092675328254700e-01 3.820016384124755859e-01 -5.793727040290832520e-01 2.553941309452056885e-01
1.728172302246093750e-01 -3.677847683429718018e-01 6.251328587532043457e-01 1.764564961194992065e-02 -7.370269298553466797e-01 4.581265747547149658e-01 1.712215393781661987e-01 2.390370368957519531e-01 -9.667437076568603516e-01 -1.069303870201110840e+00
2.640137970447540283e-01 3.978797197341918945e-01 -1.609889268875122070e-01 -4.792600274085998535e-01 -4.642243981361389160e-01 -4.425195977091789246e-02 3.029949963092803955e-01 -6.795419454574584961e-01 3.727906942367553711e-01 -1.461058761924505234e-02
-1.025682449340820312e+00 2.605091333389282227e-01 -2.684293091297149658e-01 3.498312830924987793e-02 2.624873220920562744e-01 4.882180094718933105e-01 -6.861391663551330566e-01 2.016928195953369141e-01 3.546192124485969543e-02 -1.142057925462722778e-01
2.293011397123336792e-01 9.898525895550847054e-04 2.252236753702163696e-01 -1.343306154012680054e-01 3.521718084812164307e-01 2.917514443397521973e-01 2.445772290229797363e-01 -5.792436003684997559e-01 -6.895804405212402344e-02 -1.290107131004333496e+00
2.465737015008926392e-01 -6.315418481826782227e-01 -1.720379590988159180e-01 2.962806820869445801e-01 -5.320730209350585938e-01 -3.683282434940338135e-02 -9.522562623023986816e-01 2.162076383829116821e-01 -1.064203158020973206e-01 4.407316744327545166e-01
2.286953032016754150e-01 -4.797978103160858154e-01 7.782258838415145874e-02 3.475546538829803467e-01 -1.773570664227008820e-02 -4.965647682547569275e-02 -7.219840884208679199e-01 3.184241801500320435e-02 -1.051600053906440735e-01 3.741904720664024353e-02
-1.976059079170227051e-01 -9.978157877922058105e-01 -2.582290470600128174e-01 -5.080962181091308594e-01 1.305972337722778320e-01 3.598465323448181152e-01 3.078629672527313232e-01 2.686434686183929443e-01 9.506556391716003418e-02 8.896286040544509888e-02
-3.086826801300048828e-01 3.738075494766235352e-01 3.812294602394104004e-01 2.794461846351623535e-01 -3.489044010639190674e-01 -9.212144017219543457e-01 -3.758469521999359131e-01 5.343077778816223145e-01 1.458165701478719711e-02 -6.214696764945983887e-01
-9.540057927370071411e-02 -3.283266425132751465e-01 -1.737809628248214722e-01 -2.036410272121429443e-01 3.454997837543487549e-01 -5.527163147926330566e-01 -4.393263459205627441e-01 3.281479179859161377e-01 1.715407371520996094e-01 1.337708085775375366e-01
-2.693751156330108643e-01 -3.982132971286773682e-01 3.342020809650421143e-01 -3.243351876735687256e-01 1.487892419099807739e-01 3.607811033725738525e-02 2.387376129627227783e-01 -8.285852074623107910e-01 2.948434650897979736e-01 1.486514806747436523e-01
3.436731398105621338e-01 -2.430255413055419922e-01 7.996719479560852051e-01 -1.662087440490722656e-01 -9.118146896362304688e-01 3.497210144996643066e-01 9.451028704643249512e-02 5.842366814613342285e-01 -6.129771471023559570e-01 -1.243827939033508301e+00
-3.348012268543243408e-01 2.758271694183349609e-01 3.210841119289398193e-01 2.427459210157394409e-01 -3.787406384944915771e-01 -2.984367907047271729e-01 -9.257338643074035645e-01 -3.836999237537384033e-01 2.116950005292892456e-01 2.605678737163543701e-01
2.789381444454193115e-01 2.531735897064208984e-01 3.677322864532470703e-01 -1.515522748231887817e-01 1.085567101836204529e-01 -1.510443568229675293e+00 -5.704160332679748535e-01 2.239156961441040039e-01 -1.703578978776931763e-01 4.743487536907196045e-01
2.912305593490600586e-01 -4.868988096714019775e-01 -2.542688511312007904e-02 -7.512447237968444824e-01 3.877654969692230225e-01 1.562051475048065186e-01 4.450461268424987793e-02 1.470746994018554688e-01 7.759390026330947876e-02 -4.010646343231201172e-01
-9.362556934356689453e-01 1.271496266126632690e-01 2.236292064189910889e-01 -5.704073235392570496e-02 -4.841835498809814453e-01 3.179439008235931396e-01 -6.586551070213317871e-01 1.311861574649810791e-01 2.605063617229461670e-01 6.908734142780303955e-02
1.873640716075897217e-01 -7.824178338050842285e-01 2.723602056503295898e-01 -2.329136580228805542e-01 -1.924230754375457764e-01 2.845588885247707367e-02 -5.357936024665832520e-01 1.643924117088317871e-01 -1.144764050841331482e-01 3.635420501232147217e-01
-4.270571768283843994e-01 2.805600762367248535e-01 2.970561981201171875e-01 8.998833596706390381e-02 1.111315488815307617e-01 -3.728752136230468750e-01 1.968225836753845215e-01 -3.570609390735626221e-01 -1.320323944091796875e-01 -1.977031528949737549e-01
-4.800089895725250244e-01 1.896414309740066528e-01 3.252296149730682373e-01 1.537669599056243896e-01 -5.367270112037658691e-01 2.035870552062988281e-01 1.553744375705718994e-01 6.217191219329833984e-01 -9.359373897314071655e-02 -1.546465754508972168e+00
-1.477161765098571777e+00 7.769296765327453613e-01 -3.688312172889709473e-01 4.312594532966613770e-01 -2.609858810901641846e-01 7.259604930877685547e-01 -1.210036873817443848e+00 -1.038087248802185059e+00 -3.944496810436248779e-01 9.740488231182098389e-02
5.212680995464324951e-02 4.246983528137207031e-01 -5.976960808038711548e-02 -1.512495279312133789e-01 -3.816410601139068604e-01 6.399349123239517212e-02 2.997729182243347168e-01 -7.071822881698608398e-01 1.734551787376403809e-01 -2.979309856891632080e-01
2.403075546026229858e-01 -4.781093001365661621e-01 1.376393884420394897e-01 8.903729915618896484e-02 -4.653106331825256348e-01 -4.205284714698791504e-01 1.230736896395683289e-01 8.602405339479446411e-02 2.123299390077590942e-01 -7.314521819353103638e-02
1.045892611145973206e-01 2.963175475597381592e-01 3.046633601188659668e-01 2.084973305463790894e-01 -5.215698480606079102e-01 -2.432480752468109131e-01 4.137510955333709717e-01 3.229644000530242920e-01 -5.047903060913085938e-01 -9.856299161911010742e-01
2.195195555686950684e-01 -4.279620647430419922e-01 -1.985365152359008789e-02 4.244889616966247559e-01 -7.539640665054321289e-01 1.069787144660949707e-01 2.184817939996719360e-01 -3.383847177028656006e-01 -5.028448104858398438e-01 -6.287853419780731201e-02
2.881280183792114258e-01 -2.543999254703521729e-01 2.443590462207794189e-01 2.525697946548461914e-01 -7.922445535659790039e-01 4.611638560891151428e-02 -3.347231447696685791e-01 -1.145872712135314941e+00 3.610730767250061035e-01 -3.411113321781158447e-01
-6.511370539665222168e-01 -7.567232847213745117e-01 -4.417921602725982666e-01 3.357577025890350342e-01 3.218480646610260010e-01 1.656903475522994995e-01 2.105790227651596069e-01 -2.477370947599411011e-01 1.656230092048645020e-01 5.166115239262580872e-02
-3.492372483015060425e-02 9.216052293777465820e-01 -6.188957095146179199e-01 -2.455257177352905273e-01 5.287513881921768188e-02 1.790173724293708801e-02 3.493309020996093750e-01 5.080947279930114746e-01 -1.033211946487426758e+00 8.818116784095764160e-02
-4.384009167551994324e-02 -7.075496912002563477e-01 4.766650199890136719e-01 -2.097302973270416260e-01 3.369641005992889404e-01 -4.270935058593750000e-01 1.237251684069633484e-01 -6.864567995071411133e-01 -2.895968854427337646e-01 3.756377696990966797e-01
